*Vertices 9218
0.400000000
111.526358445
1.472727273
4.264289305
2.880952381
0.145780051
0
0
0
2.952380952
8.430367586
0.285714286
0
0
0
0
0.166666667
0.090909091
3.357936508
0
15.441849072
0.926495726
110.491200337
1.333333333
32.335221831
28.594317994
6.411085798
0
5.479037627
26.939505541
5.615649821
2.614912021
1.064102564
18.315515407
4.766055249
10.660334734
0.774488257
0
0
1.045024155
0.200000000
0.359195402
0
0
2.992558592
0.424242424
0
1
1083.680318550
0
0
8.534576535
0.666666667
11.726373680
0.363636364
0.653846154
32.932552371
0
0.275717703
0
0
0
0.533333333
0.888888889
0
0
0
14.392156863
2.761616162
1.333333333
0
0
0
2.142857143
0
5.984109312
2.998701299
7.961904762
44.965387847
5.175921325
1.500000000
2.333333333
2.649549812
13.106565657
0
4
0
10.364457618
1.809523810
0
1.283333333
0
0
1.500000000
0
0.324675325
0.333333333
0.042105263
1.333333333
0
11.200000000
1.861277224
0
1.856109023
11.645466799
0
0.885714286
0
3.196581197
3.530120756
1.370456807
1.387476041
0
37.661878472
6.960817777
0
30.863493859
0.500000000
0
0
0
0
8.503028453
2.316666667
0
7
0
0.944444444
0
2.000000000
6.710606061
2.333333333
0
3.217532468
0
0
2.200000000
0
0.400000000
7.176984127
0
1.050000000
0
0
0.333333333
2.271586583
13.200157585
0
0
0
0.951293151
0
0.222222222
0
2.619134374
1
5.466666667
2.670652120
0.952380952
9.803448276
0
0.250000000
0
0
0
0
0
0.877192982
0
6.364835165
2.935655673
4.166981088
0.200000000
4.897474747
4.395749791
1.374603175
0.700000000
3.756941958
0
0.800000000
0.400000000
0
0
0
0
1.097777778
1.307692308
0
13.112351556
0
2
0.153846154
0
24.866941649
0
0.200000000
0.786580087
4.135438418
0
0.327380952
0
0
0.342857143
0
1.333333333
3.384494570
0
1.280952381
47.639016603
163.317677328
0.830110300
0
0
1.287037037
1.046139765
4
0.309523810
0
0
0
0
0
0.333333333
0.153846154
7.047822020
0
7.984983706
0
1.163339438
14.323214581
25.566670258
0.333333333
0
7.348545899
1.166666667
13.115111196
0
0
0
7.663333333
0
3.046929825
6.951410432
9.653846154
0
0.182539683
0.611111111
0.333333333
0
0
0
0
0.382222222
4.693552792
0
0
0
0
0
84.330411100
2.258087905
0.033333333
0
0
0
0
3.063744589
5.333333333
5.196207416
2.074358974
0
1
0
0
0
0.400000000
0
0.400000000
1.666666667
0
0
0
5.700000000
0
1.333333333
4.400000000
0
4.168837535
2.044444444
0
1.518518519
2
0
1.664285714
3.333333333
0
2.142857143
0
0.333333333
0
0.333333333
1
0
0
0
0
1.260269143
0.222222222
0
1.167080293
8.635257499
0
0
0
0
0
0
0
0
0.307692308
0
0
18.178787879
0
3.610391938
0
0
0
9.415464755
0
0
0
0
0.400000000
0
8.651011356
2
0
33.340114640
0
8.253968254
0
0
0
0
0
1.111111111
0
2.307957393
1
0.806722689
0.666666667
4.171132376
0.285714286
54.477592468
1.666666667
1
0.090909091
2.604761905
27.256686810
4.317099567
0.036363636
0
0
0
0
0.111111111
0.400000000
0
0
0
0
6.142857143
0
0
0
0
0
0
2
0.142857143
5.349206349
5.374603175
3.760742766
2.219047619
0.250000000
0.857964925
0
0.973120301
0
0
12.643170426
0
1.285714286
0
3.777154005
2.327380952
0
1.057542801
0
0.303787879
0.210256410
3.709523810
2.992307112
0.333333333
0
0
4
0
0
0
0
0.058823529
0
0
0.043478261
1.700216450
0.611111111
0
6.144053749
0
0
0
0.654040404
0.291666667
0
1.048484848
0
0
0
10.309126984
5.818903319
5.744973545
0.500000000
0
2
0
0
0
0
0.108108108
1.140909091
0
0
3.365767360
12.645378151
0
4.337087912
2
0.121693122
0
0
2.687878788
0
0.666666667
0
1.841269841
0.569934641
0
0
0.526315789
2.740212481
0
2.280000000
7.120390720
0.900000000
0.133333333
1.030303030
2
0
1.615873016
0.222222222
10.235304891
1.811387016
0
8.572527473
2.666666667
0
1.354166667
0
3
6.457936508
0
1
1.333333333
0
0.181818182
2.977081627
0
0.500000000
0
0.866666667
3.557690290
0
0
0
0
0
0
0.733333333
2.194871795
8.044444444
1
0
3.124542125
1.918803419
0.285714286
0.392857143
1.333333333
0.080000000
8.254112554
0
0.666666667
1.666666667
0.166666667
0.500000000
0
0
0
2
1.714785215
0
0
0.363636364
0
2.333333333
0
0
8.944056543
0
0
0
0
0
0
0
0.803196803
1.333333333
0
0
0.800000000
0.166666667
2.463402889
2.384516129
2.230434783
4
2.500000000
0
0
17.582797774
0.966666667
2.274242424
2.008008658
0
0.041075897
0.100000000
1.094444444
0
0
0
3.942857143
1
1.470588235
3.166666667
0
0
3.175029475
0.400000000
0
212.097414922
1.333333333
1.250000000
0
2.500000000
0
0
0
2.322250639
0.682601881
2.294695071
0
1.226190476
0
0
0
2.191540404
0
0.142857143
0
0
1.078571429
4.412968038
0
2.901960784
0.610526316
0
0.450000000
0
0
0
1
0
0
2
0
0
0
0
0
0
0
0
3.778205128
0
0
0.390977444
5.821642494
0
0.685714286
2
0.095238095
0
0.400000000
0
0
4.276391136
0
7.918003732
0.285714286
38.021342680
0
0
0
1.153846154
0.272727273
4.067352092
0.834500467
1.447041847
0.250000000
0.600000000
0
0
1.333333333
0
0.285714286
0
3.013888889
0
21.775549451
0.733333333
0
0
0
0
0
0
0
0
0.375000000
0
5.330000000
0
0.500000000
0
6.119442400
6.289542125
0
1
0
0
0
0
0
0.500000000
0
0
0
0.841338259
0.125000000
0
0.554120879
3.524754690
0.421052632
0.444444444
1.757692308
2.020786436
0.995238095
1.337510443
2.221744472
0
0.662365591
0
0
0
0.142857143
0
0.200000000
1.246130681
0
0
0
0
0
3.667498202
0
0
1
0
0
0
2.218681319
0
0
0
0.333333333
4.012175838
0
2.252525253
0.780952381
0.691071429
7.983794021
0.133333333
6.899327916
0
0
0
0
0
13.221586583
0
1
11.712057387
0
5.609523810
0
3.772619048
0
0
0.650000000
0
0
0
0.666666667
0.250000000
0.435294118
1.256787330
2.233333333
0.320000000
0
0
0
4.360268001
0.730158730
4.207401749
2.115151515
0
0
0
0
0
0
0
0
0
0
0.533333333
0
0
0
0
0
0
0
0
1
0
2.727272727
3.837240537
8.772689153
0
0.583333333
0
0.296703297
0
9.813190731
0
0
0
1.857142857
1.840001218
0
3.380952381
0
0
2.313636364
0
0.366666667
0
0
5.266666667
0
6.215092097
0.333333333
0.682539683
1.612454212
0
0
0
3.193949359
0
0
0.666666667
4.604794910
2.685902986
0
0
0
0.400000000
0
0.105263158
2.672222222
0
0.222222222
0
0.090909091
0.600000000
0
0
0
0
0.400000000
0.285714286
0
0
0
0.076923077
0
2.754761905
0
0
0
1
0
0
0
3
0
0.333333333
2.142857143
0
2.566666667
0
0
4.529808547
0.422222222
0.894444444
0
0
0
2.933333333
6
0.473214286
0
0
2
0
0
0.806666667
0.625000000
2
0
0
0
0.704480287
0.380952381
6.131183551
0
0.400000000
0
0
0
0
0
0.202020202
0.666666667
0
0.787878788
0
0.180076628
0
0.750000000
0.400000000
0.400000000
0
0
0
0
0.175644028
2.386834734
0.500000000
0
0
0
0
0
0
0
5.112012987
10.343852226
0.066666667
17.387909132
0
0
0
1.835806909
0
0.981818182
2.083333333
0.500000000
0
0.800000000
0.250000000
0.400000000
2.239515455
0
0
0.608823529
0
35.139754690
0.571428571
0
0.253968254
1
0.175543886
0
0
0
2.002777778
0.142857143
0.200000000
0.776903516
1.321989122
0
0
0
0
1.348148148
7.707579349
7.029906351
0
0.095238095
6.970760612
0
0.500000000
1.733333333
1.666666667
0
1
0
0
0
0
0
0
0
0.307692308
0
0
0
0
0
0
0
0.222222222
0
0
1.617647059
0
0
2
0
3.206902825
0
0
0
0.800000000
0
0
0
0
0.124542125
0
0
0
1.613636364
0
0
0
0
2.700000000
3.166666667
0
0.535714286
0
0
0
0.731428571
1.700549451
0
0
0
0.730000000
0
9.572222222
0.100000000
1.400000000
0
0
2.276923077
0
0
0
0
1.325000000
0.689389234
2.069498911
1.166666667
0
0
0
0
0
0.838095238
0.325000000
0
0
0.333333333
0
0
0
0
0.222222222
0
0
1.333333333
0
0.090909091
0.080000000
1.593450028
0
0
0
1.781601439
4.264814815
0
0.477136752
0.125000000
0
0
2
0
0
0
2.336694678
0.352941176
0
0
0
0.250000000
3.316666667
4.111111111
0.011764706
0
2.433583084
0
0
0
0
0
0.086956522
51.006500268
0
0
0
0
0
0
0
8.077524024
0
0
0
0
0
0
0
4.476190476
0
0
0
0
0
0
0
0
0.231789949
0
2.590476190
0.377946128
0
0.666666667
0
0
1.265079365
0
0
1.451282051
0.333333333
0
0
0
0
0
0
0
0
0
2.466666667
0
0
0
1.233333333
0
0
0
0
0
0
0
0.166666667
0
1.885714286
0
0
0
0
0
1.166666667
1
1.411111111
0
0
0
0
0
0
0
0
0
0
0.400000000
0
2.123015873
0
0
0
8.467604618
0.978805103
0.840579710
0
0
1.039785762
0
0
0
0
13.800000000
0.500000000
0.285714286
0
0
0.200000000
0
2
0
0
0
0
0
0
0
0
0
0
0.100000000
0
0
0
0.208333333
0
0
2.980158730
0
0
0.658288770
0
6.645727956
0
0
1.071428571
0
0
0
0
0
0.285714286
0
0
0.666666667
0
4.807692308
0
0
0
0.750000000
0
0
0
0.090909091
0.142857143
0
0.630591631
0
0
1.800000000
0
0
2.896423185
0.200000000
0.940043398
0.672580417
0.250000000
0.333333333
0
0.222222222
0.396135266
0
7.483222986
0
0
0
0
0
0
0
0
0
0
0
0
3.466666667
0.333333333
0
4.634126984
0
0
0
0
2.619047619
0
0
0
0.546052632
0.666666667
0
0
0.833333333
0
0
0
0
0
0
0
3.370092957
0
0
0
0.200000000
0
1
0
0
4.037602627
0
0
1.492454212
25.366666667
0
0
0
0.439560440
0
0
0
0
0
0
0
0
0
0
0
0
1
0
0
0
0
0
0
0
0.235294118
0
0.500000000
0
0
2.932748538
0
0
0
0
0
0
0
0.925000000
0
0.250000000
5.493770523
0
0
0
0
0
0
0
0
0
0
0
0
0
0
0
0
0
0
1.590006923
0.333333333
0
0.363636364
0
0.040000000
0.667765568
0.290909091
6.140585280
0
0
0
0
2
0
0
0
3.652380952
1.085470085
0
0
0
0
0
0
0.900000000
0
0
0
0
0
0
0
26.582468405
0
0
0
0.200000000
2
1.131944444
0
0
0
0
0
0.500000000
0
0
0
0
0
0
0
0.117647059
0.125000000
0.200000000
0.062500000
1
0.625000000
0
0
0
0
0
0
55.325371060
10.800000000
0
0
0
0
0
0
0
0
0
0.076923077
0.054054054
7.488671459
0.333333333
0
0.343434343
1.376923077
0
0
0
2.496581197
0
2.690598291
0
3.560467980
0
0
0.238095238
0
1.905927406
0
0.578088578
0
0
0
0.348484848
1.250000000
2.015151515
0
0
0
1.125000000
0
0.500000000
0
0.045454545
0.307692308
0.111111111
0
0
0.833333333
5.750289587
3.426923077
0
0
0.071428571
0.929047619
0.333333333
0
0
1.238095238
0.400000000
0.086956522
0
1.902930403
0
0
0.142857143
0.250000000
0.250000000
2
0
0
0.142857143
27.531664026
0
0
0
0
0
10.666666667
1.176691729
0
0
0
0
0
0
0
0
0
0
0
0
0
0.200000000
0
0
0
0
0.416666667
0.111111111
0.012658228
0
0
0
0
0
0
1.966666667
0
0
0
0
0
0
0.697722567
0
0
1.257777778
0
0
0
1
0
0
0
0
0.333333333
0.142857143
0
0
0
0
0
0
0
0
0
2
0
0
0
0
0.068965517
4.927741729
0
0
1.454545455
0
0
0
0
0
1.444444444
0
0
0.325000000
0
0.857142857
0
0.039473684
0
0
0
1.142857143
0.793650794
4.639939593
0
0
0
0
0
0
0.090909091
0
0
7.467460317
0
0
0
0.771428571
0
0
0
0
0
0
9.777777778
0.400000000
0.264957265
0
1
0.871428571
0
1.054545455
0
0
2
2.250000000
2.281746032
0
0
0
0
0
0
1.685714286
0
0
0
0
0
18.054901961
0.333333333
0
0.142857143
0
0
0
4.246102803
0
0
0.222222222
0
2
0
0
1.888888889
0.250000000
0
0
3.163898358
0
0
0
0
0
1
2
3.395833333
0
1.015384615
3.985081472
0.181818182
0
0
0
0
0
0
0
5.573160173
0.478571429
0
0
0
0
0
0
0
0.333333333
0
0
0.800000000
0.142857143
0
0.500000000
0
0
1.768641300
0
15.246502840
6.221052632
0.131601732
0
0
0
0
1.294871795
533.840684477
0.235294118
0
0
0
0
0
0
2.232756133
0
0
1.348484848
0
0
0
0
0
0
0
0.333333333
0
1.337995338
0.454545455
0
0
0
0
0
0
0
0
0
0
2.338143953
0
0
0
0
0
0
0.611111111
0
2.200000000
1.638888889
0
0
0
0
0
0
0
1.193650794
0
0.954906205
2.200000000
0
0
0
0
0
0
0
0.285714286
0
0.400000000
0
0
5.818994263
1.035714286
0
1
0
0
1.606322844
0
0.333333333
0.250000000
0
0
0
0.500000000
0
2
0.481125227
0
0
0
0
0
0
0
0
0
0
0
0
0
0
0
0.843592722
6.166666667
0
0
0
0
0
0
0
0.450980392
14.047113997
0
0
0
0
1.703968254
0
0
0
1
0.585858586
0
0
0
1.166666667
0
0
0
7.682081807
2.288299663
0
54.935313545
0
0.900000000
0
0
0
0
0
0
0.083333333
0
0
0
0
1.196581197
0
1
0
0
0
0
0
0
0
0
0
0.250000000
0
0
0
0
0
2.062560020
3.218608059
0
0
0
0
0
0
0
0.125000000
0
0
0
0
0
0
0
1
1.800000000
0
0
10.737418382
0.250000000
0.100000000
0
1
0
0
0
0.952380952
2.472222222
0
0
0
0
0
0
0.345238095
0
0
0
0
1.458333333
0
0
0
0
0.250000000
0
0
0
0
0
0
0.181818182
0
0
0
0
0.302884615
0
0
0
0.666666667
0
0
0
0
0
0
0
0
0
0
0
0
0
0
0
0
2
0
0
0
0
0
0
0
1.238095238
0
0
0
0
0
0
0
0
0
0
0
0
0
0
0.450000000
21.985501049
0
0.444444444
0
0
0
0
1.400000000
0
0
0
0
0
0
0.333333333
0
0
0
0
2.860079563
0
0
0
0
0.121323529
0
0
0
0
0
0
0
0
0
2
0
0
0
0
0
0
0.111111111
0
0
4.431746032
0
2.673214286
0
0
0.285714286
11.265105196
0
0
0
0
0
0
0.381818182
0
0
0
0
0
0
0.222222222
0.944444444
0
0
0
0
0
0
1.166666667
0.666666667
0
0
0
0.820512821
0
0
0
0.363636364
0
0
0
0
0
0
0
0
0
0
0
0
0
2.230769231
5.691142268
0
7.089743590
0
1
0
0
2.222222222
0
9.733333333
0
0
0
0
0
0
0
0
0.333333333
0.200501253
0
0
0.111111111
0
9.166666667
0
0
0
0.866666667
0.153846154
4
0
0
0
0
0
0
0
0
0.500000000
0
0.763636364
0
0
0
0
2.446817766
0
0
0
0
0
2
2.715597148
0
0
0
0
0
0
0
0
0
0.250000000
0
0
0
0.500000000
0
0
1
1.857142857
0
0
0
1
0
0
0
0
0
0
0
0
0
0
0
0
0
0
0
0.926984127
0
0.444444444
0
0
6.255555556
0
0.111111111
0
0
0
0
1
0
0.285714286
0
1.333333333
0
0
0
1.285714286
12.637002307
0
0
0.666666667
0
0.250000000
0
0
0
0
0
0
0
0
1.646103896
0
0
0
0
0
0
0
0
0
0.285714286
0
0
0
0
0
0
0
0
1
0.090909091
0
0
0
0
1
0
0
0
0
0
0
1.576631702
5.513071895
0
0
0
0
0
0.250000000
0
0
0
1.071428571
0
0
0
0
0
0.250000000
0
0
0
0
0
0
0
0
0
0
0
0
1.038461538
0
1.733333333
2.666666667
0
0
1
0
0
0
0
0
2.800000000
0
0
1.766666667
0.500000000
0
0
0
0
0
0
0
0
0
0
0
0.095238095
0
0
1.497619048
0
0
9.230872768
3.679038717
0.037037037
0
0
0
0
0
0.666666667
0
0
0
0
0
0
1.076190476
0
0
0
0
0.333333333
0
0
0
0
0
0
0
0
0
0
1.050000000
0
0
0.537288420
0.333333333
0
0
0
0
0
0
0
3.550093371
0
0.333333333
0
0
0
0
2
0
0
0
0
0
0
0
0.286956522
0
0
0
0
0
0
0
0
0
0
0
0
0
0
0
0.450000000
0
0
0
0
0
0
1.272727273
0
0
0
9.583333333
1.333333333
0.142857143
0
0
0
0
0
0
0
0
0
0
0
0
0
0
2.055555556
0
0
0
0.333333333
0
0
0
0
0
0.022222222
0
0
0
0
9.160618223
0
2
0
0
0
0.200000000
0
3.321612856
0.267156863
0
0
1.198412698
0
0
21.659153903
0
0
1
1
0
0
4.292662893
0
0
0
0.125000000
0.333333333
0
0
0
0
2.653715729
0
0.250000000
0
0
2
0
0
0
0.666666667
0
1.333333333
0
0
0
1
0
0
0
0
0
0
0
0
0
0
0
0
0.142857143
0
0
1.523809524
0.333333333
0
0
0
9.100000000
0
0
0
0
0
0
0
0
0
0
0
0
0
0
2
0
0
0
0
0
3.378060725
0
0.952380952
0
2.666666667
0
0
0
0.500000000
0.219298246
0
0.500000000
0
0
0
0
0
0.111111111
0
0.133333333
0
0
0
0
0
0
0
0
0
0
0
0
42.135499911
0
0
0
0
0
2
0
0.066666667
0.083333333
0
0
0
0
0
0
0
0
0
0
0
0.666666667
0
0
0
1.038961039
0
0
0
0
0
0.076923077
0
0
0
0
0
0
0
0
0
0
0.333333333
0
0
0
0
0.333333333
0
0
0
0
0
0
0
0
0
0
0
0
0
0
0
0
0
0
0
0
0
9.551420217
6.156295367
0
0
0
0
0
0.250000000
0
0
0
0
0
0
0
0
0
0
0
5.909090909
2.285714286
0
0.250000000
0
0.400000000
0
1
0
0
0
0
0
2.200000000
0
0
0
0
0
0
0
0
0
0
0
0
0
0
0
0
0
0
0
0
0
0
0
0
0
0
0
5.575203568
0
0
1
0
0
0
0
0.666666667
0.125000000
0
0
0
1.857142857
2
0.500000000
0
0
0.166666667
0
0
0
0
0
0
0
0
0
0
6.354619565
0
0
0
0
0
0
0
0
0
0
0
0
2
0
0
0
1.013888889
0
0
0
0
0
0
0.200000000
0.111111111
0
0
0
0
0
0
0
0
0
0
0
0.250000000
0
0.400000000
0
0
0
0
0
0
0
0
0
0
0
0
0.250000000
0
0.200000000
0
0
0
0
0
0
0
2
2
0.083333333
0
0
0
0.125000000
0
0
0
0
0
0
0
0
0
4.333333333
0
0
0
0
0
0.983333333
0
0
0
0
0
0
0
0
0
0
0
0
0
0
0
0
0
0
0
0.438034188
0
0
0
2
0
0
0
0
0
0
0
0
0
0
0
0
0
0
0
0
0
0
0
0
0
0
0
0
1.333333333
0
0
0
0
0
0
0
0
0
0
0
0
0
0
0
0
0
0
0
0.500000000
0
0.200000000
0.800000000
0
0
0
0
0
0
0
0
0
0
0
0
0
0
0
0
0
0
0
0
0
0
0
0
0
0
0.250000000
0
0
0
0
0
0
0
0
0
0
0.235294118
0
0
0
0
0.222222222
0
0
0
0
0
7.822222222
0
0
0
0
0
0
0
0.924242424
0
0
0
0
0
0
0
0
0
0
0
0.166666667
2.938461538
0
0
0.200000000
0.182194617
0
0.416666667
0
0
0
0
0
0
0
0
0
0
0
0
0
0
0
0
0
0
0
0
0
0
0
0
0
0
0
5.861904762
0
0
0
0
0
0
0
0
0
0
0
0
0
0
5.428571429
0
0
0
0
0
0
0
0
0
0
0
0
0
2.641375781
0
0
0
0
0
0
0
0
0
0
0
0
0
1.090909091
0
0
0
0
0
0
0
0
0
0
0
0
0
0
18.317149758
0
0
0
0
0
0
0
0.250000000
0
0
0
0
0
0
0
0
0
0.400000000
0.142857143
0
0
0
0.400000000
0
0
0
0
0
0
0
0
2
0
1.333333333
0
0
0
0
0
0
0
0
0
0
0
0
0
0
0.353846154
0
0
0
0
0
0
0.285714286
0
0
0
0
0
0
0
0
0
0
0
0
0
0
0
0
0
0
0
0
0
0
0
0
0
0
0
0
0
0
0
0
0
0.125000000
0
0
0.240740741
0
0
0
0
0
0
0
0
0
0
0
6.426190476
0
0
0
0
0
0
0
0.333333333
0
0.200000000
0
0
0
0
0
0
0
0
0
0
0
0
0
0
0
0
0.248780488
0.333333333
0
0
0
0
0
0
0
0
0
0
0
0
0
0
0
0
0
0
0
0
0
0
0
0
0
0
0
0
0
0
0
0
0
0
0
0
0
0
0
0
2
0
0
0
0
0
0
0
0
0
0
0
0
0
0
0
0
0
0
0
0
0
0
0
0
0
0
0
0
0
0
0
0
0.666666667
0
0
0
0
0
0
0
0
0
0
0.342857143
0
0
0
0
0
0
0
0.055555556
0
0.825000000
0
0
0
0.125000000
0
0
0
0
0
0
0
0
0
0
0
0
0
0
0
0
0
0
0
0
0
1.850752071
0
0
0.885714286
3.190476190
0
0
0
0
0
0
0
0
0
0
0
0
0
0
0
0
0
0
0
0
2
0
0
0
0
0
0
3
0
0
0
0
0
0
0
0
1
0
0
0
0
0
0
0
0
0
0
0
0
0
0
0
0
0
1.551587302
0
0
0
0
0
0
0
0
0
0
0
0
2
0
0
0
0
0
0
0
0
0
0
0
0
0
0.333333333
0
0
0
0
0
0
0
0
0
0
0
0
0
0
0
0
0
0
0
0
0
0
0
0
0
0
0.333333333
0
0
0
0
0
0
0
0
0
0
0
0
0
0
0
0
0
0
0
0
0
0
0
0
0
0
0
0
0
0
0
0
0
0
0
0
0
0
0
0
0
0
0
0
0
0
0
0
0
0
0
0
0
0
0
0
0
0
0
0
0
0
0
0
0
0
0
0
0
0
0.173913043
0
0
0
0
0
0
0
0
0
0
0
0
0
0
0
0
0
0
0
0
0
0
0
0
0
0
0
2.331746032
0
8.392358252
0
0
0
0
0
0
0
0
0
0
0
33.158711818
0
0
0
2
0.111111111
0
0
0
0.666666667
0
0
0
0
0
0
0
0
0
0
0
0
0
0
0
0
0.407407407
0.500000000
0
0
0
0
0
0
0
0
0
0
1
0
0
0
0
0
0.566666667
0.066666667
0.266666667
0
0
0
0
9.702164502
0.422222222
0
0
0
10.052813853
0
6.155555556
2.412490721
0.200000000
2.666666667
0.367647059
1.168588792
0.307692308
0
6.964285714
15.190009337
8.520454545
0
8.600000000
0.669047619
0
4.274326726
1.550000000
0
0.571428571
0
0
0.052631579
0.222222222
0.533333333
0.222222222
3.188523920
0
0
0
2.119047619
0
11.033333333
0
0
0
0
0
9.293948130
0
0
0
0
0
28.452105725
0
0
0.800000000
0
0
2
1.222222222
0
0
0
0.571428571
0
0
0
0
0
0
0.956228956
4.066590221
0.266666667
2.071428571
0.300000000
0
3.710134847
2
0
1.552380952
0.828846154
68.289248954
0
0
1.611111111
0
2.137254902
0.250000000
0.333333333
0
135.705153618
0
1.012454212
0
0
1
0
0.285714286
0
0
0.666666667
0
0
0
0
0
0
0.666666667
1.505050505
0
1
0
0
0
0
0
0
0
2.466666667
12.123809524
0
0
0
0
0
0.626262626
0
0
0
3.333333333
0
3.317460317
0
1.022222222
0
0
0.953846154
0
0
0
0
0
0
0.181818182
46.822317858
0
7.245238095
2.557644110
0
8.222342657
0.487449393
0
7.951081036
0
0.753246753
0
0.685714286
0
0
0.222222222
0
0
0
0
0
0
0
0
0
0
0
0
0
1.092007027
0
0.166666667
0
0.333333333
0
0
0.750000000
0
0
0
2.083161283
6.579857818
0.207407407
0
0.348484848
0
0
0
0
0.347222222
0
0
0
0
2
0
0
0.285714286
0
0
4.809523810
0.793859649
0.190476190
0
0
0
0
0
0
0
0
0
0
0
0
0
0
0
1.933333333
0
0
0
0
0.400000000
0
0
0
0
3.353479853
0
0
0
0
10.187926453
0
0
0
0
0
0
6.119047619
0
2.641025641
0
0
0.095238095
0.307692308
11.166666667
0.932263815
0
1.542857143
0
0
0
0
0
8.421972962
0
2
0
0
0
8.412127353
0.916666667
5.830303030
0
0
0
0
0
0.142857143
0
0
0
0
0
0
0
0
3.599358974
12.345853983
0
0
0
0
0
0
0
0
0.648351648
0
0
0
0
0
0
0
0
3.382015937
2.461587302
0.400000000
0
0
0
0
0.222222222
0
0.222222222
0
4.947435897
0.533333333
0
0.250000000
4
0
0
1.836083827
0
0.333333333
0
0
0
0
0
1.400000000
1.333333333
0
0
0
4.043237383
1.142857143
0
0
0
0
0
0
0
0
1.333333333
7.350488037
0
0
5.166666667
1.250000000
0
0
1.984615385
0
0
1.358333333
2.259523810
0
3.808080808
0.403846154
0
0
0
0
0
0
2.951101056
0
1.455563487
0.051282051
0
0
0
0
0
0
0
0.285714286
0
0
12.038888889
0
0
0
0
0
0
2.375000000
0
0
0
0
0
0
0
0
0
1.500000000
0
0
0
0
0
0
0
0
0
3.829136848
0
0
0
0
0
0
0
0
0
0
0
0
0
0
0
0
0
1.333333333
0.090909091
0
0
0
0
0
1
0.333333333
0
0.400000000
0
2
0
0
0
0
0
1.833333333
0.500000000
35.112049062
2.250000000
0
0
0.450980392
5.166666667
0
1.653846154
0
0
0
0
0
0
0
0
0
5.438743829
0
0
0
0
5.154785215
3.571428571
0
1.453846154
0
0
0
1.189104374
0
0
0
0
0
0
0
0
0
0
0.125000000
0
0
0
0.400000000
1.266802975
0
0
0
0
0
0
0
0
0
0
0.166666667
0
0
0
0
0
0
0
0
0
5.018399583
0
0
0
0
0
0
2.354166667
0
0
0.666666667
0
0.934560440
0
0
11.220994882
0
2
0
0
3.238095238
0
0.800000000
0.266666667
0.222222222
1
0
0
0
1.166666667
0
0
0.285714286
0
0
1.051428571
0
0
0
0.153846154
8.642857143
0
0
0
1.743986569
0.281045752
0.366666667
0
0
0
0
0
0
0.222222222
0
0
0
0
1.557575758
1.777777778
0
0
0
0
0
0
0
0
0
1.988636364
0
0
0
0
8.920588568
0
0
0
0
0
0
0
0
0
0
0
0
0
0
0
0
0
2.346897547
0
0.277777778
0
0
0
0
0
0
0
0
1.723214286
0
0
0
0
0
0
0
1.938888889
0
0.766753025
1.152096273
0
5.369983752
0
0.464285714
0
1
0
0
0
0
0
0
4.450000000
0
0
0
0
0
1
2.066666667
0
0
0
0
0
0
0
3.573952867
0
0
0
0
0
0
0.240000000
0
0.363636364
0
0
0
0
1.953724054
0
0
0
0.666666667
0
0
0.047619048
0
0
0.148351648
0
0
0
0.300000000
0
0
0
0
0
0
0
0
0
0.125000000
0
0
0
0
0
0
0
0
0
0
0.725274725
0
0
0
0.225974026
0
0
0
0
0
0
1.705882353
0
0.222222222
0
0.125000000
0
1.695238095
0
0
0
0
0.500000000
0.222222222
0
0
0
1.150000000
0
0
0
0
0
1.419047619
0
0
0.111111111
0
0.200000000
0
0
0
0
0
0
0
1
0
0
0
0
0
0.142857143
0
0
0
0
0
0
0
0.638655462
0
0
0
0
0.250000000
0
0
0
0
0
0.111111111
2
0
0.400000000
0
3.222222222
0
0
0
0
0
0
0
0.250000000
0
0
0
0
0
0
0.111111111
0
0.142857143
0
0
0
0
0
0
0
0
1.333333333
0.285714286
0
0
0
0
0
0
0
0.133333333
0
0.324675325
0
0
0
0
0
0
0
0
0
0.222222222
0
0
0
0
2.432126748
0
0
0.222516947
0
0
0
0
0.333333333
0
0
2
2
0.285714286
0
0
1.333333333
0
0
0
0.666666667
0
0.166666667
3.181818182
0
0
0
0.135964912
0.333333333
0
0
0
0.125000000
0
0
1.155555556
0.615384615
0
0
0
0.166666667
0
0
0
0
0
0
0
0
0
0
0
0
0
0
0
0
0
0
0
0
0
0
0
0.500000000
0
0
0
0
0
0
0
0
0
0
0.142857143
0
0
0
0.857142857
0
0
0.166666667
0
0
0
1.733333333
0.419047619
1.090909091
0
0
0
0
0
0
0
0
0
0
0
0
0
0
0
0
3.661538462
2.704761905
0
0
0
0
0
0
0
0
0.666666667
0
0
0
0
0
0
0
0
0
0
0.204508857
0
0
0.666666667
0
0
0
0
0
0
0
0
0
0
0
0
0
0
0
0
0
0
0
0
0
0
0
0
0
0
0
0.400000000
3.193406593
0
0
0.600000000
0
0.400000000
0
0
2.153846154
0
0
0
0
0
0
0
0
0
0
0
0
0
0
4.500000000
0
0
0
0
0
0
0.333333333
0
0
0
0
0
0
0
2
0
0
0
0
0
0
0
0
0.153846154
0.247813620
0
0
0
0
0
0
0
0
2
0
0
0
0
0
0
0
0
0
0
0
0
0.833333333
0
0
0
0
0
0
0
0
2.250000000
0
0
0
0
0
0.111111111
0
0
0
0.698498498
0
0
0
0
0
0
0.222222222
0
0
0.166666667
0
0
0
0.285714286
0.333333333
0
0
0.105263158
0
0
0.200000000
1
0
0
0
0
0
0
0
0.824675325
0.666666667
1.136011905
0
0
0
0
0
0
0.222222222
0
0
0
0
0
0
0
0
0
0
0
0
0
0
0
0
0
0
0
0
0
0
0
0
0
0.125000000
0
0
2.666666667
0
0
0
0
0
0
0
0
0
0
0
0.444444444
0
0
0
0
0
0
0
0
0
1.333333333
0
0
0
0
0
0
0
0.333333333
0
0
0
0
0
0
0
0
0
0
0
0
0
0
0
0
0
0
0
0
0
0
0
0
0
0
0
0
0
1.333333333
0
0
0
0
0
0.200000000
0
0
0
0
0
0
0
0
0
0
0
0
2
0
0
3.446825397
0
0
0.200000000
0
0
0
0
0
0
2.333333333
0
0
0
0
0
0
0
0
0
0
1
0
0
0
0
0
2
0
0
0
0
0
0
0
0.153846154
0
0
0.111111111
2.750000000
0
0
0
0.166666667
0
0
0
0
0
0.266666667
0
0
0
0
0
0.611111111
0
0
0
0
0
0
0
0
0
2.500000000
0.200000000
0
0.527777778
0
0
0
0
0
0
0
0
0
0
0
0
0
0
0
0
0
0
0
0
1.911471861
0
0
0
0.111111111
0
0
0
0
0.666666667
0
0
0
0
0
0
0.400000000
0
0
0
0
0
0
0
0
0
0
0
0
0
0
0
0
0
0
0
0.307692308
0
0
0
0
1.300000000
0
0
0
0
0
0
0
0
0
0
0
0
0.090909091
0
2
0
0
0
0
0
0
0
0
0
0
0
1
0
0
0
0
2
0
0
0
0
0
0
0
0
0
0
0
0
0
0
0
0
0.200000000
0
0
0.444444444
0.666666667
0
0
0
0
0
5.400000000
0
0
0
0
0
0
0
0
0
0
0
0.344537815
0
0
0
0
0
0
0
0
0
0
0
0.066666667
0
0
0
0
0.462962963
0
0
0
0
0
0
0
0
0
0
0
0
0
0
0
0
0
0
0.500000000
0
0
0
0
0
0
0
0.315151515
0
0
0
0
0
0
0
0
0
0
0
0
0
0
0
1.666666667
0
0
0
0
0
0
0
0
0
0
0
0.500000000
0
0
0
0
0.200000000
0
0
0
0
0
0
0
0
0
0
0
0
0
0
0
0
0
0
0
0
0
0
0
0
0
0
0
0
0
0
0
0
0
0
0
0
0
0
1
0.500000000
0
0
0
0
0
0
0
0
0
7.000000000
0
0
0
0
0
0
0
0
0
0
0
0
0
0
0
0
0
0
0
0
0
0
0.400000000
0
5.666666667
1.066666667
0
0
0
0
0.993017695
0
0
0
0.153846154
0.500000000
0
0
0
0
0
0
1.436507937
0
0
0.200000000
0
0
2
0
0
0
0
0
0
0
0
0
0
0
0
0
0
0
0
0
0
0
0
0
0
0
0
0
0
0
0
0.500000000
0
0
0
0
0
0
0
0
0
0
0
0
0
0
0
0
0
0
0
0
0
0
0
0
0
0
0
0
0
0
0
0
0
0.500000000
0
0.250000000
0
0
0
0
0
0.062500000
0.134387352
0
0
2.345238095
0
0
0
0
0
0
0
1
0
0
0
0
0
0
0
0
0
0
6.666666667
0.533333333
0
0
0
0
0
0
0
1.333333333
0
0
0
0
0
0.142857143
0.833333333
0
0
1.166666667
0
0
0
1.727777778
0
0.100000000
0
0.142857143
1
0
0
0
0
0
0
0
3.600000000
0
0
0
0
0
0.200000000
0
2
0
0.871800422
0
0
0
3.244480519
0
0
0
0
0
0.142857143
0
0
0
0
0
0
0
0
0
0
0
0
0
0
0
0
0
0.125000000
0
0
0
0
0
0
0
0
0
0
0
0
0
0
0
0
0
0
0
0
0
0
0
0
0
0
0
0
0
0
0
0
0
1
0
1.696969697
0.333333333
0
0.333333333
0
0
0
0
0
0
0
0
0
0
0
0
1.242857143
0
0
0
0
0
0
0
0
0
0.253968254
0
0
0
0
0
0
0
0
0.500000000
2
0.181818182
0
0
0
0.333333333
0.700000000
0
0
0
0
0
0
0
0
0
0
0
0
0
0.047619048
0
0
0
0
0.200000000
0
0.533333333
0
0
0
0.058823529
0
0.333333333
0
0
0
0.500000000
8.031746032
0
0
0
0
0
0
0
0.166666667
0
0
0
0.500000000
0
0
0
0
0
0.117647059
0
0
0
0
0
0
1.285714286
0
0.086956522
0
0
0
0
0
0
0
0
0
0
0
0
0
0
0
0
0
0
0
0
0
0
0
0.500000000
0
0
0
0
0.500000000
0
0
0
2
0
0
0
0
0
0
0
0
0
0
0
0
0
0
0
0
0
0
0
0
0
0
0
3.200000000
0
0
0
0
0
0
0
0
0
0
0
0
0.142857143
0
0
0
0
0
0
0
0
0
0
0
0
0
0
0
0
0
0
0
0
7.333333333
0.876190476
0
0
0
0
0.166666667
0
0
0
0
0
0.142857143
0
0
0
0
0
0
0
0
0
0
0
0.428571429
0
0
0
0
0
0
0
0
0
0
0
0
0
0
0
0
0
0
0
0
0
0
0
0
0
0
0
0
0
0
0
0
0
0
0
0
0.666666667
0
0
0
0
0
0
0
0
0.166666667
0
0
1
0
0
0
0
0
0
0
0
0
0
0
0
0.266666667
0
0
0
0
2.500000000
0
0
0
0
0
0
0
0
0
0
0
0
0
0
0.533333333
0
0
0
0
0
0
1
0
0
0
0
0
0
0
0
0
0
0
0
0
0
0
0
0
0
0
0
0
0
0
0
0
0
0
2.222222222
0
0
0
0.500000000
0
1.052711994
0
0
0
0
0
0
0
0
0
0
0
0
0
0
0
0
0
0
0
0
0
0
0
0
0
0.850000000
0
0
0
0
0
0
0
0
0
0
0
0
0
0
0
0
0
0
0
1
0
0
0
1
0
0
0
0
0
0
0
0
0
0
0
0
0
0
0
0
0
0
1
0
0
1
0
0
0
0
0
0
0
0
0
0
0
0
0
0
1
0
0
0
0
0
0
0
0
0
0
0
0
0
0
0
0
0
0
0
0
0
0
0
0
0
0
0
0
0
0
0
0
0
0
0
0
0
0
0
0
0
0
0
0
0
0
4
0
0
0
0
0
0
0
0.666666667
0
0
0
0
0
0
0
0
0
0
0.579365079
0
0
1
0
0
0
0.142857143
0
0
0
0
0.266666667
0
0
0
0
0
0
0
0
0
0
1.416666667
0
0
0
0
0
0
0
1
0
0
0.090909091
0
0
0
0
0
0
0
0
0
0
0
0.533333333
0
0
0
0
0.045454545
0
0
0
0
0
0
0
0
0
0
0
0
0
0
0
0
0
0
0
0
0.200000000
0
0
0
0
0
0
4
0
0
0.166666667
0
0
0
0
0
0
4
0
0
0
0
0
0
0
0
0
0
0
0
0
0
0
0
0.034482759
0
0
0
0
0
0.200000000
0
0
0
0
0.222222222
0
0
0
0
0
0
0
0
0
0
0
0
0.826623377
0.666666667
1
0
0
0
0
0
0
0
0
0
1.378787879
0
0
0
0
0
0
0
0
0
0
0
0
0
0
0
0.100000000
0
0
0
0
0
0
0
0
0
0.222222222
0
0
0
0
0
0
0
0
0
0
0
0
0
0
0
0
0
0
0
0
0
0
0.333333333
0
0
0
0
1
0
0
0
0
1.012698413
0
0
0
0
0
0
0
0
0
0
0
0
0
0.285714286
0.166666667
0
0
0
0
0
0
0.095238095
0.800000000
0
0.083333333
0
0
0
0
0
0.333333333
0
0
0
0
0
0
0
0
0
0
0
0
0
0
0
0
0.785714286
0
0
0
0
0
0.094760312
0
0
0
0
0
0
0
0
0
0
0
0
0
0
0
0
0
0
0
0
0
0
0
0
0
0
0
0
0
0
0
0
0
0
0
0
0
0
0
0.100000000
0
0
0
0
0
0
0
0
0
0
0
0
1
0
0
0
0
0
0
0
0
0
0
0
0
0
0
0
0
0
0
0
0
0
0
0
0
0
0
0
0
0
0
0
0
0
0
0
0
0
0
0
0
0
0
0
0
0
0
0
1
0
0
0
0
0
0
0
0
0
0
0
0
0
0
0
0
0
0
0
0
0
0
0
0
0
0
0
0
0
0
0
0
0
0
0
0
0
0
0
0
2
0
0
0
0
0
0
0
0
0
0
0
0
0
0
0
0
0
0
0
0
0
0
1
0
0
0
0
0
0
0
0
0
0
0
0
0
0
0
1
0
0
0
0
0
0
0
0
0
0
0
0
0
0
0
0
0
0
0
0
0
0
0
0
0
0
0
0
0
0
0
0
0
0
0
0
0
0
0
0
0
0
0
0
0
0
0
0.500000000
0
0
4.842857143
0
2.822222222
0
0
0
0
0
0
0
0
0
0
0
0
0
0
0.833333333
0
0
0
0
0
0
0
0
0
0
0
0
0
0
0
0
0
0
0
0
0
0
0
0
0
0
0
0
0
0
0
0
0
0
0
0
0
0
0
0
0
0
0
0
0
0
0
0
0
0
0
0
0
0
0
0
0
0
0
0
0
0
0
0
0.076923077
0
0
0
0
0
0
0
0
0
0
0
0
0
0
0
0
0
0
0
0
0
0
0
0
0
0
0
0
0
0
0
0
0
0
0.291666667
0.333333333
0
0
0
0
0
0
0
0
0.500000000
0
0
0
0
0
0
0
0
0
0
0
0
0
0
0
0
0
0
0
0
0
0
0
0
0
0.333333333
0
0
0
0
0
0
0
0
0
0
0
0
0
0
0
0
0
0
0
0
0
0
0
0
0
0
0
0
0
0
0.400000000
3.308080808
0
0
0
0
0
0
0
0
0
0
0
0
0
0
0
0
0
0
0
0
2
0
0
0
0
0
0
0
0
0
0
0
0.090909091
0
0
0
0
0
0
0
0
0
0
0
0
0
0
1
0
0
0
0
0
0
0
0
0
0
0
0
0
0
0
0
0
0
0
0
0
0
0
0
0
0
0
0
0
0
0
0
0
0
0
0
0
0
0
0
0
0
0
0
0
0
0
0
0
0
0
0
0
0
0
0
0
0
0.250000000
0
0
0
0.188034188
0
0
0
0
0
0
1
0
0
0
0
0
0
0
0
0
0
0
0
0
0
0
0
0
0
0
0
0
0
0
0
0
0
0
0
0
0
0
0
0
0
0
0
0
0
0
0
0
0
0
0
0
0
0
0
0
0
0
0
0
0
0
0
0
0
0
0
0
0
0
0
0
0
0
0
0
0
0
0
0
0
0
0
0
0
0
0
0
0
0
0
0
0
0
0
0
1
0
0
0
0
0
0
0.200000000
0
0
0
0
0
0
0
0
0
0
0
0
0
0
0
0
0
0
0
0
0.064516129
0
0
0
0
0
0
0
0
0
0
0
0
0
0
0
0
0.333333333
0
0
0
0
0
0
0
0
0
0
0
0
0
0
0
0
0
0
0
0
0
0
0
0
0
0
0
0
0
0
0
0
0
0
0
0
0
0
0
0
0
0
0
0
0
0
0
0
0
0
0
0
0
0
0
0
0
0
0
0
0
0
0
0
0
0
0
0
0
0
0
0
0
0
0.400000000
0
0
0
0
0
0
0
0
0
0
0
0
0
0
0
0
0
2
0
0
0
0
0
0
0
0
0
0
0
0
0
0
0
0
0
0
0
0
0
0
0
0
0
0
0
0
0
0
0
0
0
0
0
0
0
0
0
0.285714286
0
0
0
0
0
0
0
0
0
0
0
0
0
0
0
0
0
0
0
0
0
0
0
0
0
0
0
0
1.243589744
2
0
0
0
0
0.166666667
0
0
0.333333333
0
0
0
0
0
0
0
0
0
1.333333333
0.142857143
0
1
0
0
0
0
0
0
0
0
0
3.400000000
0
0
0
0
0
0
0
0
0
0
0
0
0
0
0
0
0
0
0
2
0
0
0
0.166666667
0
0.142857143
0
0
0
0
0
0
0
0
0.222222222
0
0
0
0
0
0
0
1.547619048
0
0
0
0
0
0
0
0
0
0
0
0
0
0
0
0
0
0
0
0
0
0
0
0
0
0
0
0
0
0
0
0.400000000
0
0
0
0
0
0
0
0
0
0
0
0
0
0
0
0
0
0
0
0
0
0
0
0
0
0
0
0
0.166666667
0
0
0
0
0
0
0
0
0
0
0
0
0
0.142857143
0
0
0
0
0
0
0
0
0
0
0
0.452631579
0
0
0
0
0
0
0
0
0.200000000
0
0
0
0
0
0
0
0
0
0
0
0
0
0
0
0
0
0
0
0
0
0
0
0
0
0
0
0
0
0
0
0
0
0
0
0
0
0
0
0
0
0
0
0
0
0
0
0
0
0
0
0
0
0
0
0
0
0
0
1
0
0
0
0
0
0
0
0
0
0
0
0
0
0
0
0
0
0
0
0
20
0
0
0
0
0
0
0
0
0
0
0
0
0
0
0
0
0
0
0
0
0
0
0
0
0
0
0
0.125000000
0
0
0
0
0
0
0
0
0
0
0
0
0
0
0
0
0
0
0
0.250000000
0
0
0
0
0
0
0.333333333
0
0
0
0
0
0
0
0
0
0
0
0
0
0
0
0
0
0
0
0
0
0
0
0
0
0
0
0
0
0
0
0
0
0
0
0
0
2
0
0
0.200000000
0
0
0
0
3.800000000
0
0
0
0
0
0
0
0
0
0
0
0
0
0
0
0
0
0
0
0
0
0
0
0
0
0
0
0
0
0
0
0
0
0
0
0
0
0
0
0
0
0
0
0
0
0
0
0
0
0
0
0
0
0
0
0
0
0
0.200000000
0.500000000
0
0
0
0
0
0
0
0
0
0
0
0
0
0
0
0
0
0
0
0
0
0
0
0
0
0
0
0
0
0
0
0
0
0
0
0.222222222
0
0
0
0
0
0
0
0
0
0
0
0
0
0
0
0
0
0
0
0
0
0
0
0
0
0
0
0
0
0
0
0
0
0
0
0
0
0
0
0
0.333333333
0
0.250000000
0
0
0
0
0
0
0
0
0
0
0
0
0
0
0
0
0
0
0
0
0
0
0
0
0
0
0
0
1
0
0
0
0
0
0
0
0
0
0
0
0
0
0
0
0
0
0
0
0
0
0
0
0
0
0
0
0
0
0
0
0
0
0
0
0
0
0
0
0
0
0
0
0
0
0
0
0
0
0
0
0
0
0
0
0
0
0
0
0
0
0
0
0
0
0
0
0
0
0
0
0
0
0
0
0
0
0
0
0
0
0
0
0
0
0
0
0
0
0
0
0
0
0
0
0
0
0
0
0
0
0
0
0
0
0
0
0
0
0
0
0
0
0
0
0
0
0
0
0
0
0
0
0
0
0
0
0
0
0
0
0
0
0
0
0
0
0
0
0
0
0
0
0
0
0
0
0
0
0
0
0
0
0
0
0
0
0
0
0
0
0
0
0
0
0
0
0
0
0
0
0
0
0.583333333
0
0
0
0
0
0
0
0
0
0
0
0
0
0
0
0
0
0
0
0
0
0
0
0
0
0
0
0
0
0
0
0
0
0
1.500000000
0
0
0
0
0
0
0
0
0
0
0
0
0
0
0
0
0
0
0
0
0
0
0
0
0
0
0
0
0
0
0
0
0
0
0
0
0
0
0
0.010416667
0
0
0
0
0
0
0
0
0
0
0
0
0
0
0
0
0
0
0
0
0
0.500000000
0
0
0
0
0
0
0
0
0
0
0
0
0
0
0
0
0
0
0
0
0
0
0
0
0
0.071428571
0
0
0
0
0
0
0
0
0
0
0
0
0
0
0
0
0
0
0
0
0
0
0
0
0
0
0
0
0
0
0
0
0
0
0
0
0
0
0
0
0
0
0
0
0
0
0
0
0
0
0
0
0
0
0
0
0
0
0
0
1
0
0
0
0
0
0
0
0
0
0
0
0
0
0
0
0
0
0
0
0
0
0
0
0
0
0
0
0
0
0
0
0
0
0
0
0
0
0
0
0
0
0
0
0
0
0
0
0
0
0
0
0
2
0
0
0
0
0
0
0
0
0
0
0
0
0
0
0
0
0
0
0.339901136
0
0
0
0
0
0
0
0
0
0
0
0
0
0
0
0
0
0
0
0
0
0
0
0
0
0
0
0
0
0
0
0
0
0
0
0
0
0
0
0
0
0
0
0
0
0
0
0
0
0
0
0
0
0
0
0
0
0
0
0
0
0
0
0
0
0
0
0
0
0
0
0
0
0
0
0
0
0
0
0
0
0
0
0
0
0
0
0
0
0
0
0
0
0
0
0
0
0
0
0
0
0
0
0
0
0
0
0
0
0
0
0
0
0
0
0
0
0
0
0
0
0
0
0
0
0
0
0
0
0
0
0
0
0
0
0
0
0
0
0
0
0
0
0
0
0
0
0
0
0
0
0
0
0
0
0
0
0
0
0
0.166666667
0
0
0
0
0
0
0
0
0
0
0
0
0
0
0
0
0
0
0
0
0
0
0
0
0
0
0
0
0
0
0
0
0
0
0
0
0
0
0
0
0
0
0
0
0
0
0
0
0
0
0
0
0
0
0
0
0
0
0
0
0
0
0
0
0
0
0
0
0
0
0
0
0
0
0
0
0
0
0
2
0
0
0
0
0
0
0
0
0
0
0
0
0
0
0
0
0
0
0
0
0
0
0
0
0
0
0
0
0
0
0
0
0
0
0
0
0
0
0
0
0
0
0
0
0
0
0
0
0.200000000
0
0
0
0
0
0
0
0
0
0
0
0
0
0
0
0
0
0
0
0
0
0
0
0
0
0
0
0
0
0
0
0
0
0
0
0
0
0
0
1
0
0
0
0
0
0
0
0
0.166666667
0
0
0
0
0
0
0
0
0
0
0
0
0
0
0
0
0
0.105263158
1.236111111
0
0
0
0
0
0
0
0
0
0
0
0
0
0
0
0
0
0.500000000
0
0
0
0
0
0
0
0
0
0
0
0
0
0
0
0
0
0
0
0
0
0
0
0
0
0.125000000
0
0
0
0
0
0
0
1
0
0
0
0
0
0
0
0
0
0
0
0
0
0
0
0
0
0
0
0.333333333
0
0
0
0
0
0
0
0
0
0
0
0
0
0
0
0
0
0
0
0
0
0
0
0
0
0
0
0
0
0
0
0
0
0
0
0.500000000
0
0
0
0
0
0
1.285714286
0
0
0
0
0
0
0
0
0
0
0
0
0
0
0
0
0.066666667
0
0
0
0
0
0
0
0
0
0
0
0
0
0
0
0
0
0
0
0
0
0
0
0
0
0
0
0
0
0
0
0
0
0
0
0
0
0
0
0
0
0
0
0
0
0
0
0
0
0
0
0
0
0
0
0
0
0
0
0
0
0
0
0
0
0
0
0
0
0
0
0
0
0
0
0
0
0
0
0
0
0
0
0
0
0
0
0
0
0
0
0
0
0
0
0
0
0
0
0
0
0
0
0
0
0
0
0
0
0
0
0
0
0
0
0
0
0
0
0
0
0
0
0
0
0
0
0
0
0
0
0
0
0
0
0
0
0
0
0
0
0
0
0
0
0
0
0
0
0
0
0
0
0
0
0
0
0
0
0
0
0
0
0
0
0
0
0
0
0
0
0
0
0
0
0
0
0
0
0
0
0
0
0
0
0
0
0
0
0
0
0
0
0
0
0
0
0
0
0
0
0
0
0
0
0
0
0
0
0
0
0
0
0
0
0
0
0
0
0
0
0
0
0
0
0
0
0
0
0
0
0
0
0
0
0
0
0
0
0
0
0
0
0
0
0
0
0
0
0
0
0
0
0
0
0
0
0
0
0
0
0
0
0
0
0
0
0
0
0
0
0
0
0
0
0
0
0
0
0
0
0
0
0
0
0
0
0
0
0
0
1
0
0
0
0
0
0
0
0
0
0
0
0
0
0
0
0
0
0
0
0
0
0
0
0
0
0
0
0
0
0
0
0
0
0
0
0
0
0
0
0
0
0
0
0
0
0
0
0
0
0
0
0
0
0
0
0
0
0
0
0
0
0
0
0
0
0
0
0
0
0
0
0
0
0
0
0
0
0
0
0
0
0
0
0
0
0
0
0
0
0
0
0
0
0
0
0
0
0
0
0
0
0
0
0
0
0
0
0
0
0
0
0
0
0
0
0
0
0
0
0
0
0
0
0
0
0
0
0
0
0
0
0
0
0
0
0
0
0
0
0
0
0
0
0
0
0
0
0
0
0
0
0
0
0
0
0
0
0
0
0
0
0
0
0
0
0
0
0
0
0
0
0
0
0
0
0
0
0
0
0
0
0
0
0
0
0
0
0
0
0
0
0
0
0
0
0
0
0
0
0
0
0
0
0
0
0
0
0
0
0
0
0
0
0
0
0
0
0
0
0
0
0
0
0
0
0
0
0
0
0
0
0
0
0
0
0
0
0
0
0
0
0
0
0
0
0
0
0
0
0
0
0
0
0
0
0
0
0
0
0
0
0
0
0
0
0
0
0
0
0
0
0
0
0
0
0
0
0
0
0
0
0
0
0
0
0
0
0
0
0
0
0
0
0
0
0
0
0
0
0
0
0
0
0
0
0
0
0
0
0
0
0
0
0
0
0
0
0
0
0
0
0
0
0
0
0
0
0
0
0
0
0
0
0
0
0
0
0
0
0
0
0
0
0
0
0
0
0
0
0
0
0
0
0
0
0
0
0
0
0
0
0
0
0
0
0
0
0
0
0
0
0
0
0
0
0
0
0
0
0
0
0
0
0
0
0
0
0
0
0
0
0
0
0
0
0
0
0
0
0
0
0
0
0
0
0
0
0
0
0
0
0
0
0
0
0
0
0
0
0
0
0
0
0
0
0
0
0
0
0
0
0
0
0
0
0
0
0
0
0
0
0
0
0
0
0
0
0
0
0
0
0
0
0
0
0
0
0
0
0
0
0
0
0
0
0
0
0
0
0
0
0
0
0
0
0
0
0
0
0
0
0
0
0
0
0
0
0
0
0
0
0
0
0
0
0
0
0
0
0
0
0
0
0
0
0
0
0
0
0
0
0
0
0
0
0
0
0
0
0
0
0
0
0
0
0
0
0
0
0
0
0
0
0
0
0
0
0
0
0
0
0
0
0
0
0
0
0
0
0
0
0
0
0
0
0
0
0
0
0
0
0
0
0
0
0
0
0
